[[[-1.19211582e-19  9.56107520e-16 -2.68011251e-12  2.89438063e-09
   -7.72562677e-07  2.43805493e+00]
  [-1.62792339e-19  1.39739656e-15 -4.35778700e-12  5.92784783e-09
   -3.26604180e-06  2.44427666e+00]
  [-8.82879063e-20  7.01523289e-16 -2.04838159e-12  2.69297737e-09
   -1.49433926e-06  2.44391863e+00]
  [ 1.08421490e-19 -1.02425999e-15  3.94187319e-12 -7.59646889e-09
    7.03526087e-06  2.44141604e+00]]

 [[ 3.98107175e-19 -2.86887524e-15  6.51362493e-12 -3.56597630e-09
   -3.54122639e-06  2.35325177e+00]
  [-2.20579144e-19  1.59551705e-15 -3.77040617e-12  2.80018933e-09
    4.60234976e-07  2.42428920e+00]
  [-5.22191431e-20  6.20441791e-16 -2.35290888e-12  3.34477383e-09
   -1.34433564e-06  2.44202339e+00]
  [ 1.19752824e-19 -9.85305530e-16  2.73570489e-12 -2.91182701e-09
    9.98479291e-07  2.43567226e+00]]

 [[-5.14840428e-19  3.85377179e-15 -9.99150923e-12  1.05864032e-08
   -4.20077781e-06  2.43070756e+00]
  [-9.89369225e-20  8.02181294e-16 -2.34573060e-12  2.90329032e-09
   -1.30776237e-06  2.43899141e+00]
  [-8.34397766e-20  6.01769569e-16 -1.48706830e-12  1.37192339e-09
   -1.68967235e-07  2.44254574e+00]
  [-1.18065370e-19  9.33798162e-16 -2.66277834e-12  3.22437609e-09
   -1.43763821e-06  2.42372264e+00]]

 [[-2.36624054e-19  1.76205479e-15 -4.51424411e-12  4.59204272e-09
   -1.60523662e-06  2.42715758e+00]
  [ 3.35700012e-20 -2.54662925e-16  6.29750993e-13 -5.49520855e-10
    6.54848879e-08  2.43282555e+00]
  [ 2.24297017e-20 -3.07020846e-16  1.36813945e-12 -2.61255417e-09
    2.12787998e-06  2.44038201e+00]
  [-7.95087605e-20  7.12049319e-16 -2.17026419e-12  2.31820760e-09
   -3.61396656e-07  2.13098585e+00]]]