[[[-7.78484597e-19  6.41839854e-15 -1.89609896e-11  2.33131061e-08
   -1.09210617e-05  2.14979379e+00]
  [ 4.10478075e-19 -2.87956288e-15  7.00372900e-12 -6.95335242e-09
    2.47259549e-06  2.41367230e+00]
  [-1.17285489e-19  1.06063978e-15 -3.09327069e-12  3.22218069e-09
   -9.90994369e-07  2.44350527e+00]
  [ 2.63745432e-19 -1.73822266e-15  3.83830981e-12 -3.39791265e-09
    1.32521049e-06  2.39732260e+00]]

 [[ 5.60800357e-20 -4.78717251e-16  1.35812962e-12 -1.60581991e-09
    1.03472856e-06  2.26645410e+00]
  [ 3.55584790e-19 -2.62765920e-15  6.58468076e-12 -6.02887981e-09
    1.01055299e-06  2.40654023e+00]
  [-1.45922640e-19  1.00506394e-15 -2.41876515e-12  2.55218616e-09
   -1.29018229e-06  2.44299587e+00]
  [-1.83703514e-19  1.90088143e-15 -6.86114118e-12  1.04606998e-08
   -6.18419278e-06  2.40571303e+00]]

 [[ 3.17700955e-19 -2.84739817e-15  9.01841520e-12 -1.20558111e-08
    6.25448250e-06  2.41430924e+00]
  [-3.46379216e-19  2.92585149e-15 -8.65558918e-12  1.09772872e-08
   -5.99567711e-06  2.43394650e+00]
  [ 4.64555559e-19 -3.30051824e-15  8.21139375e-12 -8.35552549e-09
    2.94855621e-06  2.44280580e+00]
  [-2.95523478e-19  2.40480202e-15 -7.08471187e-12  9.12364880e-09
   -5.22109748e-06  2.43607913e+00]]

 [[ 1.02312310e-19 -8.67773780e-16  2.69604491e-12 -3.77778206e-09
    2.09017317e-06  2.41977626e+00]
  [-3.08822517e-19  2.73114893e-15 -8.81281038e-12  1.23327363e-08
   -6.89819491e-06  2.43434415e+00]
  [ 4.46275370e-19 -3.17304812e-15  7.95140040e-12 -8.25674057e-09
    2.97995154e-06  2.44266770e+00]
  [-2.93924622e-19  2.62567218e-15 -8.28708247e-12  1.10417562e-08
   -6.02351364e-06  2.29282272e+00]]]