[[[ 2.10684017e-14 -1.89305612e-11  6.40691578e-09 -9.68167354e-07
    5.45819190e-05  2.44263539e+00]
  [ 7.04623009e-14 -6.38054800e-11  2.10891027e-08 -2.97394061e-06
    1.49235243e-04  2.43144706e+00]
  [ 4.87372757e-15 -5.78548859e-12  2.32773196e-09 -3.88603893e-07
    2.62669530e-05  2.44324237e+00]
  [ 5.05818261e-14 -3.99831169e-11  1.15022629e-08 -1.51246153e-06
    9.14641465e-05  2.43993944e+00]]

 [[-4.20671866e-15  4.18561601e-12 -1.42581991e-09  2.04669900e-07
   -1.54293809e-05  2.43821557e+00]
  [-1.41884508e-14  5.59432619e-12  1.14252099e-09 -6.82869561e-07
    6.33329337e-05  2.40331506e+00]
  [ 2.84041687e-15 -3.62474385e-12  1.46318621e-09 -2.25238561e-07
    1.13145507e-05  2.44265815e+00]
  [ 2.42056665e-14 -2.17970048e-11  6.98296062e-09 -9.69013973e-07
    5.64896277e-05  2.43474629e+00]]

 [[-1.49319221e-14  9.93193750e-12 -1.98678413e-09  9.85976598e-08
    2.84926647e-06  2.43607987e+00]
  [ 1.29777024e-16 -7.08471034e-13  5.38319679e-10 -1.40615515e-07
    1.22392942e-05  2.42981380e+00]
  [ 4.47668604e-15 -3.35332229e-12  6.99789165e-10 -8.64021521e-09
   -7.26184823e-06  2.44313839e+00]
  [ 1.24691547e-14 -1.15555662e-11  4.00961108e-09 -6.11457708e-07
    3.24185499e-05  2.41900224e+00]]

 [[-1.19359643e-15 -7.10587461e-13  6.42177734e-10 -1.13267528e-07
    5.99022251e-06  2.43626416e+00]
  [ 1.45410564e-14 -1.37822523e-11  4.92376077e-09 -7.91328012e-07
    5.03494644e-05  2.42944466e+00]
  [-1.97114575e-15  3.94203227e-13  3.04783805e-10 -9.08587926e-08
    5.61210995e-06  2.44268774e+00]
  [ 1.58725538e-14 -1.51411858e-11  5.50190391e-09 -9.09635257e-07
    6.08630517e-05  2.32925725e+00]]]