[[[ 1.11400732e-23 -8.33705749e-20  2.23792189e-16 -2.56902259e-13
    1.14978877e-10  2.09099999e+00]
  [ 4.08801007e-19 -3.30748350e-15  9.70536313e-12 -1.24291054e-08
    6.00443597e-06  2.37473110e+00]
  [ 6.26705146e-19 -4.47715229e-15  1.10893772e-11 -1.11014091e-08
    4.02132712e-06  2.44009418e+00]
  [-5.13324703e-19  4.01024151e-15 -1.14371432e-11  1.45593901e-08
   -8.16945884e-06  2.35112610e+00]]

 [[-6.31699138e-20  2.32341272e-16 -1.36866469e-13 -3.52309699e-10
    8.04981336e-07  2.16097340e+00]
  [-5.61750521e-20  3.49073232e-16 -8.70813341e-13  1.20703717e-09
   -1.00691645e-06  2.36882042e+00]
  [-1.53192152e-19  1.11353540e-15 -2.97370659e-12  3.51710151e-09
   -1.67207367e-06  2.44168566e+00]
  [-5.90571597e-19  4.68649897e-15 -1.40943204e-11  1.94809812e-08
   -1.21759244e-05  2.35590382e+00]]

 [[ 4.17932670e-19 -3.08628009e-15  8.27060743e-12 -9.64284695e-09
    4.26993225e-06  2.36328656e+00]
  [ 1.41172120e-19 -1.14544925e-15  3.51751217e-12 -4.90948305e-09
    2.67303046e-06  2.41992763e+00]
  [ 6.09162389e-20 -5.31503366e-16  1.71713296e-12 -2.42440315e-09
    1.29450002e-06  2.44198168e+00]
  [-1.93311186e-20  2.20008052e-16 -8.29003581e-13  1.38435507e-09
   -1.13803333e-06  2.41226880e+00]]

 [[ 6.29222115e-19 -5.25374010e-15  1.62148345e-11 -2.18658502e-08
    1.04502453e-05  2.40336397e+00]
  [-3.92296719e-20  1.10614453e-16  3.93681567e-13 -1.43517096e-09
    6.48469237e-07  2.42722780e+00]
  [ 1.09131257e-19 -8.79676550e-16  2.57018449e-12 -3.08407232e-09
    1.08702001e-06  2.44172568e+00]
  [ 1.39846234e-18 -1.00611157e-14  2.51068190e-11 -2.56424512e-08
    8.27325953e-06  2.25462991e+00]]]