[[[-1.02991433e-18  6.08355510e-15 -1.29663466e-11  1.22317260e-08
   -4.93400403e-06  2.44340235e+00]
  [-2.61747975e-19  7.69598494e-16 -1.27787852e-13 -8.54777225e-10
    2.63733312e-07  2.44608335e+00]
  [ 3.32593863e-19 -1.83778067e-15  3.38259013e-12 -2.28684861e-09
    2.79374507e-07  2.44422825e+00]
  [-1.45764985e-19  7.37074645e-16 -1.31212815e-12  8.84528677e-10
   -1.04856523e-07  2.44460789e+00]]

 [[-5.60201628e-19  2.79702509e-15 -4.69297682e-12  3.10859042e-09
   -9.25524247e-07  2.44167075e+00]
  [ 3.47718282e-19 -2.31901068e-15  5.47286891e-12 -5.33504075e-09
    1.72597718e-06  2.44542129e+00]
  [ 2.80436561e-19 -1.65463568e-15  3.45329796e-12 -2.92246173e-09
    6.55093066e-07  2.44405553e+00]
  [ 8.62371825e-20 -2.40713868e-16 -3.77343533e-13  1.72504709e-09
   -1.65825199e-06  2.44493223e+00]]

 [[ 2.77896269e-19 -1.85602290e-15  4.32866267e-12 -4.11994567e-09
    1.21303314e-06  2.44073440e+00]
  [-2.06347739e-19  1.42672420e-15 -3.87506990e-12  5.10553849e-09
   -3.20420576e-06  2.44605978e+00]
  [-2.67441207e-19  1.67703204e-15 -3.95109106e-12  4.39971461e-09
   -2.39123080e-06  2.44433587e+00]
  [-6.23550217e-20  2.73190313e-16 -3.51991782e-13  1.41954985e-10
   -1.32613751e-07  2.44455248e+00]]

 [[-5.07531342e-19  4.03990327e-15 -1.24435006e-11  1.82009330e-08
   -1.23313730e-05  2.44301312e+00]
  [-2.32216494e-18  1.37372536e-14 -2.81830488e-11  2.29365578e-08
   -6.12631444e-06  2.44570571e+00]
  [ 1.73350992e-18 -9.63705366e-15  1.81665045e-11 -1.32940907e-08
    3.11675859e-06  2.44378890e+00]
  [-1.28439661e-18  6.11094353e-15 -9.65898249e-12  6.03442357e-09
   -1.37893368e-06  2.44452641e+00]]]