[[[-5.68461345e-19  4.62676402e-15 -1.39793712e-11  1.92955261e-08
   -1.21302590e-05  2.43554628e+00]
  [ 2.77080028e-19 -2.00488955e-15  4.93823016e-12 -4.42100522e-09
    4.78932183e-07  2.43153997e+00]
  [ 1.23965150e-19 -8.11083225e-16  1.83733770e-12 -1.68311414e-09
    5.03497871e-07  2.44359086e+00]
  [ 1.79405105e-19 -1.09389374e-15  2.04736982e-12 -9.51683842e-10
   -7.04538368e-07  2.30422961e+00]]

 [[-2.75736946e-19  2.35903275e-15 -7.83635443e-12  1.22250055e-08
   -8.41489545e-06  2.42067684e+00]
  [ 4.11428297e-19 -3.11523914e-15  8.18981288e-12 -8.58876445e-09
    2.83676693e-06  2.42176754e+00]
  [-2.81124358e-20 -2.72343268e-16  2.29701996e-12 -4.76325176e-09
    3.03568333e-06  2.44231712e+00]
  [ 1.72928868e-19 -8.69172317e-16  9.85312589e-13  3.24510709e-10
   -4.08765060e-07  2.29087084e+00]]

 [[ 9.24549734e-20 -6.87024335e-16  1.62471750e-12 -1.20459007e-09
   -1.07398759e-07  2.43689755e+00]
  [-6.56087766e-19  4.60163181e-15 -1.12944956e-11  1.15271723e-08
   -4.48385208e-06  2.43569074e+00]
  [-1.21165207e-19  1.08250833e-15 -3.33271378e-12  4.24704121e-09
   -2.18853974e-06  2.44299550e+00]
  [-2.93340032e-19  2.62702443e-15 -8.92776441e-12  1.40186340e-08
   -9.81564639e-06  2.31944657e+00]]

 [[-7.46350122e-20  4.00210427e-16 -6.52300471e-13  3.98536285e-10
   -3.55540815e-07  2.42760926e+00]
  [ 1.71976959e-19 -1.35054895e-15  3.90900827e-12 -5.05756094e-09
    2.68831818e-06  2.42894078e+00]
  [-1.57039015e-19  1.28565547e-15 -3.84358456e-12  5.07061260e-09
   -2.82334192e-06  2.44219351e+00]
  [-1.78374333e-23  1.33955995e-19 -3.60650302e-16  4.15198336e-13
   -1.86622387e-10  2.09100002e+00]]]