[[[-1.22928018e-18  8.15666698e-15 -2.15218480e-11  3.14936855e-08
   -2.56439335e-05  1.75737791e+00]
  [-3.08909230e-19  1.70468502e-15 -3.46231633e-12  5.08175766e-09
   -6.23658422e-06  2.26647649e+00]
  [-5.85774750e-19  4.71621839e-15 -1.39162448e-11  1.81537177e-08
   -9.84800062e-06  2.44390743e+00]
  [ 1.83291545e-18 -1.34825514e-14  3.38559229e-11 -3.26544515e-08
    8.89514513e-06  1.94915165e+00]]

 [[-2.58944603e-20  7.60554581e-16 -2.99522995e-12  2.77202649e-09
    7.27401671e-07  2.19435820e+00]
  [-2.61946526e-19  3.18486523e-15 -1.19816145e-11  1.70211076e-08
   -9.09615278e-06  2.25753047e+00]
  [ 7.25154732e-20 -2.32371565e-16 -2.75535986e-13  1.39394017e-09
   -1.13699896e-06  2.44315561e+00]
  [-5.08985381e-20  5.98707036e-16 -2.32626173e-12  3.22875787e-09
   -2.36682505e-06  2.18198665e+00]]

 [[-5.60392166e-19  3.97231558e-15 -9.54738420e-12  8.14413684e-09
    1.68516094e-07  2.38938301e+00]
  [-4.21266385e-20  3.04076413e-16 -6.70880813e-13  4.36773425e-10
    1.60306345e-07  2.36288773e+00]
  [ 2.71044195e-19 -2.13406438e-15  6.16261123e-12 -7.92067880e-09
    4.24260714e-06  2.44228105e+00]
  [ 2.57072378e-19 -2.11468195e-15  5.99037733e-12 -6.40937186e-09
    9.64569590e-07  2.19205201e+00]]

 [[-2.99897814e-20  1.93643036e-16 -3.53208253e-13 -1.05693917e-12
    5.37522462e-07  2.39579936e+00]
  [-2.96056270e-19  1.94605480e-15 -4.47198018e-12  4.48014872e-09
   -2.10087514e-06  2.37699077e+00]
  [-2.92510447e-20  2.50120542e-16 -8.33800180e-13  1.21384324e-09
   -7.03318963e-07  2.44190634e+00]
  [-1.53582287e-18  1.22252670e-14 -3.45763789e-11  4.11226079e-08
   -1.85957165e-05  1.54760514e+00]]]