[[[-2.14078761e-23  9.43509061e-19 -1.50867032e-14  1.06045561e-10
   -3.18010469e-07  2.44422661e+00]
  [-2.67293899e-23  1.10627415e-18 -1.61500806e-14  9.67903025e-11
   -1.99095147e-07  2.44541609e+00]
  [-3.54503238e-23  1.56859463e-18 -2.45612693e-14  1.60598377e-10
   -3.95190552e-07  2.44467126e+00]
  [-8.56669426e-23  3.89439664e-18 -6.26396083e-14  4.18207803e-10
   -1.01002479e-06  2.44511115e+00]]

 [[ 1.09329471e-22 -4.91518651e-18  7.83943961e-14 -5.23295406e-10
    1.29076389e-06  2.44255145e+00]
  [-1.89259651e-23  6.96333309e-19 -8.08793489e-15  2.60605310e-11
    5.06705851e-08  2.44404981e+00]
  [-9.70931396e-24  3.68775253e-19 -4.54194977e-15  1.75112731e-11
    1.22005887e-08  2.44309080e+00]
  [-3.29851649e-23  1.31437314e-18 -1.77006505e-14  8.84797799e-11
   -1.03073416e-07  2.44351776e+00]]

 [[-5.21920383e-23  2.12877567e-18 -2.99937138e-14  1.68675740e-10
   -3.22746596e-07  2.44060456e+00]
  [-4.25076670e-23  1.75940325e-18 -2.51517719e-14  1.42243024e-10
   -2.55262296e-07  2.44423124e+00]
  [-2.46361271e-23  1.05725613e-18 -1.58001737e-14  9.46823569e-11
   -1.87187585e-07  2.44319398e+00]
  [-2.75606380e-23  1.25794330e-18 -1.99622810e-14  1.27358293e-10
   -2.72191269e-07  2.44357218e+00]]

 [[ 4.65545940e-24 -4.90103115e-20 -9.77545023e-16  9.47143503e-12
    8.02593305e-09  2.44019134e+00]
  [-8.10596224e-24  3.95459550e-19 -6.68938422e-15  4.38414319e-11
   -7.81314516e-08  2.44409610e+00]
  [ 1.47883635e-24 -3.68738330e-20  1.01552330e-16  1.87405622e-12
   -1.82893868e-09  2.44305225e+00]
  [-3.99423949e-23  1.84794868e-18 -3.11241102e-14  2.30054231e-10
   -7.06619601e-07  2.44408064e+00]]]