[[[ 1.26256910e-24 -9.58012696e-21  2.54474522e-17 -2.80463842e-14
    1.18097510e-11  2.09100000e+00]
  [-2.29918355e-20 -6.23382163e-17  8.25512516e-13 -1.61714496e-09
    8.98484092e-07  2.35612391e+00]
  [-1.72302199e-19  1.36952318e-15 -3.91566505e-12  4.85600128e-09
   -2.48254068e-06  2.44413767e+00]
  [-4.52369099e-19  3.79943606e-15 -1.13913364e-11  1.44970456e-08
   -6.91917597e-06  2.31474606e+00]]

 [[-7.02300031e-20  4.51311789e-16 -6.85023780e-13 -4.40605880e-10
    1.08497113e-06  2.15787596e+00]
  [-2.32921552e-19  1.94513304e-15 -6.04783533e-12  8.67136477e-09
   -5.75050071e-06  2.31259634e+00]
  [ 1.67105824e-19 -1.54312964e-15  5.24671487e-12 -7.78506834e-09
    4.32464890e-06  2.44198814e+00]
  [-2.92371793e-20  4.68442509e-16 -2.10118018e-12  3.47028082e-09
   -2.06530247e-06  2.26164769e+00]]

 [[ 6.07104824e-19 -4.61161224e-15  1.22427005e-11 -1.33337744e-08
    5.51865687e-06  2.30795294e+00]
  [-1.79463170e-19  1.56084314e-15 -4.88977525e-12  7.16730096e-09
   -4.21823886e-06  2.34896336e+00]
  [-1.09954382e-21 -7.77279261e-17  5.59970016e-13 -1.33344552e-09
    1.10149174e-06  2.44218000e+00]
  [-1.06123664e-19  9.03237171e-16 -2.95714591e-12  4.25063833e-09
   -1.39551270e-06  2.26008629e+00]]

 [[ 1.26256910e-24 -9.58012696e-21  2.54474522e-17 -2.80463842e-14
    1.18097510e-11  2.09100000e+00]
  [-1.72954900e-19  1.74438492e-15 -6.36608354e-12  9.81173274e-09
   -6.17939865e-06  2.19987586e+00]
  [ 6.89234553e-21 -1.09689591e-16  6.64708114e-13 -1.72458156e-09
    1.69179174e-06  2.44055948e+00]
  [ 1.26256910e-24 -9.58012696e-21  2.54474522e-17 -2.80463842e-14
    1.18097510e-11  2.09100000e+00]]]