[[[ 3.63987327e-19 -2.71303548e-15  7.11852503e-12 -7.94543822e-09
    4.60636195e-06  2.44254672e+00]
  [ 1.09854847e-19 -8.05700537e-16  2.06460061e-12 -2.11756175e-09
    8.88968827e-07  2.44507849e+00]
  [-1.39091761e-18  1.14072517e-14 -3.41604020e-11  4.49739203e-08
   -2.40011299e-05  2.44711962e+00]
  [ 1.45682214e-18 -1.15270224e-14  3.22180437e-11 -3.71349248e-08
    1.53069356e-05  2.44275843e+00]]

 [[-4.32392547e-20  1.03956543e-15 -4.17482962e-12  4.12067130e-09
    1.25929659e-06  2.34790409e+00]
  [ 6.65003960e-19 -4.90585102e-15  1.25795409e-11 -1.31206984e-08
    5.04940894e-06  2.42964100e+00]
  [-3.21724519e-19  2.26611119e-15 -5.41088807e-12  4.96701535e-09
   -1.37070879e-06  2.44186148e+00]
  [ 3.44104317e-19 -2.21050555e-15  4.90397263e-12 -4.79368329e-09
    2.77099387e-06  2.41570897e+00]]

 [[ 1.89643141e-20 -3.93601666e-16  1.79752336e-12 -2.67477217e-09
    9.33147400e-07  2.42946932e+00]
  [ 1.26407728e-19 -9.80550877e-16  2.69181878e-12 -3.00392288e-09
    1.17143742e-06  2.43945629e+00]
  [-6.06187027e-20  3.97026178e-16 -7.69471401e-13  2.37467868e-10
    4.64432861e-07  2.44257163e+00]
  [-6.53310911e-19  3.44634015e-15 -3.71058316e-12 -2.77577939e-09
    3.50250070e-06  2.41959764e+00]]

 [[ 1.44860879e-19 -1.16202918e-15  3.24003398e-12 -3.51827822e-09
    8.60273531e-07  2.42740164e+00]
  [ 4.62096068e-19 -3.42258145e-15  8.77584962e-12 -8.98674092e-09
    3.22231662e-06  2.43433793e+00]
  [-1.48746115e-19  1.32699313e-15 -4.30679446e-12  6.03026245e-09
   -3.38506148e-06  2.44148069e+00]
  [ 1.90200426e-18 -1.13320720e-14  1.97889700e-11 -5.46216012e-09
   -1.08805783e-05  2.11134454e+00]]]