[[[-6.37344504e-20  1.16999557e-16  1.23754704e-12 -4.61498751e-09
    3.02392415e-06  2.32327902e+00]
  [-2.13349244e-19  1.53571274e-15 -4.09698252e-12  5.11099160e-09
   -3.25580865e-06  2.42678992e+00]
  [ 3.73834444e-19 -3.20515967e-15  1.01646888e-11 -1.41121273e-08
    7.33021547e-06  2.44090452e+00]
  [ 4.87413473e-19 -4.79874087e-15  1.66913977e-11 -2.64639337e-08
    1.60282449e-05  2.30155299e+00]]

 [[ 3.75154495e-19 -3.03833012e-15  8.39617150e-12 -9.98656088e-09
    5.22605512e-06  2.36797366e+00]
  [-7.22022416e-19  4.83904730e-15 -1.15086304e-11  1.13182154e-08
   -2.97336123e-06  2.40734776e+00]
  [ 2.38528493e-19 -1.73305996e-15  4.54225304e-12 -5.14769861e-09
    2.34868788e-06  2.44132152e+00]
  [ 3.00372874e-19 -2.31687821e-15  6.20804379e-12 -6.93969780e-09
    5.03026181e-06  2.33410317e+00]]

 [[ 2.16101001e-19 -1.65942067e-15  4.57337754e-12 -5.38192859e-09
    2.46049251e-06  2.44009473e+00]
  [ 1.06176370e-19 -9.15343607e-16  2.75761235e-12 -3.35475245e-09
    1.37266355e-06  2.44053025e+00]
  [ 3.06367241e-20 -2.11734770e-16  4.79959321e-13 -3.62956058e-10
    4.03279440e-08  2.44219954e+00]
  [-1.29402599e-18  8.53194755e-15 -1.90382469e-11  1.69534890e-08
   -6.32314192e-06  2.40441658e+00]]

 [[-3.61473462e-20  2.25085470e-16 -3.57683284e-13 -1.33651960e-10
    4.43142113e-07  2.43479808e+00]
  [-1.73868721e-19  1.35347228e-15 -3.83511908e-12  4.83024293e-09
   -2.65869862e-06  2.43708924e+00]
  [ 2.56242762e-20 -7.72679001e-17 -2.22414210e-13  9.48733592e-10
   -8.58593303e-07  2.44159091e+00]
  [-7.28692941e-19  5.67651449e-15 -1.56954154e-11  1.80553007e-08
   -9.52968509e-06  2.24569776e+00]]]