[[[ 5.63890180e-19 -3.28385770e-15  5.97733445e-12 -3.35149821e-09
    1.15914715e-07  2.44296326e+00]
  [-1.14240849e-18  8.52803436e-15 -2.32556477e-11  2.83969406e-08
   -1.51854665e-05  2.44878252e+00]
  [ 8.18494558e-19 -5.12599409e-15  1.12278069e-11 -9.90376776e-09
    2.85651525e-06  2.44412197e+00]
  [-3.85686645e-19  2.00253849e-15 -2.96119702e-12  3.63834547e-10
    1.40540333e-06  2.44428615e+00]]

 [[-3.19742915e-20 -7.21134614e-17  9.26041379e-13 -1.51710090e-09
    5.38024426e-07  2.44165486e+00]
  [ 1.12359968e-19 -6.88439233e-16  1.37314467e-12 -9.14518333e-10
   -5.70712309e-08  2.44558971e+00]
  [-1.32496531e-19  1.15298929e-15 -3.64630178e-12  5.07469742e-09
   -2.92625175e-06  2.44443819e+00]
  [-6.99243126e-20  5.74572166e-16 -1.76276367e-12  2.48836544e-09
   -1.56733295e-06  2.44482683e+00]]

 [[ 8.44466165e-21 -1.17367173e-17 -1.33255617e-13  4.32387389e-10
   -4.98051784e-07  2.44094383e+00]
  [-5.73951969e-20  5.12340609e-16 -1.68027820e-12  2.51777050e-09
   -1.71417539e-06  2.44581698e+00]
  [-1.62906915e-19  1.29942782e-15 -3.79377880e-12  4.91813502e-09
   -2.65535877e-06  2.44430166e+00]
  [-3.78804435e-20  3.72255467e-16 -1.30594184e-12  1.98327070e-09
   -1.24183042e-06  2.44472556e+00]]

 [[-3.62149456e-20  1.50292981e-16 -1.17792337e-13 -5.16333672e-11
   -9.38990987e-08  2.44031754e+00]
  [ 3.08884715e-20 -1.69253436e-16  1.75941022e-13  3.97395737e-10
   -8.28716191e-07  2.44562313e+00]
  [ 6.51649861e-19 -5.07333033e-15  1.43864801e-11 -1.76451968e-08
    8.17265375e-06  2.44324598e+00]
  [-8.46909651e-19  6.16393746e-15 -1.57292291e-11  1.62651893e-08
   -5.72344489e-06  2.44495623e+00]]]